,L,Beta,Sheet ID,Sheet Name,N,PhiMatrix0,PhiMatrix1,PhiMatrix2,PhiMatrix3,PhiMatrix4,PhiMatrix5,PhiMatrix6,PhiMatrix7,PhiMatrix8,PhiMatrix9,PhiMatrix10,PhiMatrix11,PhiMatrix12,PhiMatrix13,PhiMatrix14,PhiMatrix15,PhiMatrix16,PhiMatrix17,PhiMatrix18,PhiMatrix19,PhiMatrix20,PhiMatrix21,PhiMatrix22,PhiMatrix23,PhiMatrix24,PhiMatrix25,PhiMatrix26,PhiMatrix27,PhiMatrix28,PhiMatrix29,PhiMatrix30,PhiMatrix31,PhiMatrix32,PhiMatrix33,PhiMatrix34,PhiMatrix35,PhiMatrix36,PhiMatrix37,PhiMatrix38,PhiMatrix39,PhiMatrix40,PhiMatrix41,PhiMatrix42,PhiMatrix43,PhiMatrix44,PhiMatrix45,PhiMatrix46,PhiMatrix47,PhiMatrix48,PhiMatrix49,PhiMatrix50,PhiMatrix51,PhiMatrix52,PhiMatrix53,PhiMatrix54,PhiMatrix55,PhiMatrix56,PhiMatrix57,PhiMatrix58,PhiMatrix59,PhiMatrix60,PhiMatrix61,PhiMatrix62,PhiMatrix63
0,5,0.1,0,horizontal,1000,240000.0,0.0,0.0,0.0,0.0,0.0,0.0,0.0,0.0,840000.0,40000.0,0.0,0.0,0.0,0.0,0.0,0.0,40000.0,680000.0,0.0,40000.0,0.0,0.0,0.0,0.0,0.0,0.0,1200000.0,0.0,40000.0,40000.0,0.0,0.0,0.0,40000.0,0.0,920000.0,0.0,0.0,0.0,0.0,0.0,0.0,40000.0,0.0,1520000.0,0.0,0.0,0.0,0.0,0.0,40000.0,0.0,0.0,1840000.0,0.0,0.0,0.0,0.0,0.0,0.0,0.0,0.0,4520000.0
1,5,0.1,1,vertical,1000,320000.0,0.0,0.0,0.0,0.0,0.0,0.0,0.0,0.0,720000.0,40000.0,0.0,40000.0,0.0,0.0,0.0,0.0,40000.0,560000.0,0.0,0.0,0.0,0.0,0.0,0.0,0.0,0.0,1880000.0,0.0,0.0,40000.0,0.0,0.0,40000.0,0.0,0.0,720000.0,0.0,0.0,0.0,0.0,0.0,0.0,0.0,0.0,1560000.0,40000.0,0.0,0.0,0.0,0.0,40000.0,0.0,40000.0,1440000.0,0.0,0.0,0.0,0.0,0.0,0.0,0.0,0.0,5600000.0
2,5,0.1,2,h and v,5000,1720000.0,0.0,0.0,0.0,0.0,0.0,0.0,0.0,0.0,3400000.0,120000.0,0.0,80000.0,0.0,0.0,0.0,0.0,120000.0,3840000.0,0.0,200000.0,0.0,0.0,0.0,0.0,0.0,0.0,9200000.0,0.0,840000.0,280000.0,0.0,0.0,80000.0,200000.0,0.0,3320000.0,0.0,0.0,0.0,0.0,0.0,0.0,840000.0,0.0,7920000.0,160000.0,0.0,0.0,0.0,0.0,280000.0,0.0,160000.0,6680000.0,0.0,0.0,0.0,0.0,0.0,0.0,0.0,0.0,29760000.0
3,5,0.1,3,random p=0.0,200,40000.0,0.0,0.0,0.0,0.0,0.0,0.0,0.0,0.0,200000.0,40000.0,0.0,0.0,0.0,0.0,0.0,0.0,40000.0,160000.0,0.0,0.0,0.0,0.0,0.0,0.0,0.0,0.0,320000.0,0.0,40000.0,0.0,0.0,0.0,0.0,0.0,0.0,80000.0,0.0,0.0,0.0,0.0,0.0,0.0,40000.0,0.0,400000.0,0.0,0.0,0.0,0.0,0.0,0.0,0.0,0.0,360000.0,0.0,0.0,0.0,0.0,0.0,0.0,0.0,0.0,440000.0
4,5,0.1,4,random p=0.1,200,120000.0,0.0,0.0,0.0,0.0,0.0,0.0,0.0,0.0,160000.0,0.0,0.0,0.0,0.0,0.0,0.0,0.0,0.0,120000.0,0.0,0.0,0.0,0.0,0.0,0.0,0.0,0.0,320000.0,0.0,0.0,0.0,0.0,0.0,0.0,0.0,0.0,40000.0,0.0,0.0,0.0,0.0,0.0,0.0,0.0,0.0,280000.0,0.0,0.0,0.0,0.0,0.0,0.0,0.0,0.0,480000.0,0.0,0.0,0.0,0.0,0.0,0.0,0.0,0.0,560000.0
5,5,0.1,5,random p=0.2,200,0.0,0.0,0.0,0.0,0.0,0.0,0.0,0.0,0.0,160000.0,0.0,0.0,0.0,0.0,0.0,0.0,0.0,0.0,200000.0,0.0,0.0,0.0,0.0,0.0,0.0,0.0,0.0,240000.0,0.0,0.0,0.0,0.0,0.0,0.0,0.0,0.0,120000.0,0.0,0.0,0.0,0.0,0.0,0.0,0.0,0.0,160000.0,40000.0,0.0,0.0,0.0,0.0,0.0,0.0,40000.0,240000.0,0.0,0.0,0.0,0.0,0.0,0.0,0.0,0.0,1440000.0
6,5,0.1,6,random p=0.30000000000000004,200,160000.0,0.0,0.0,0.0,0.0,0.0,0.0,0.0,0.0,120000.0,0.0,0.0,0.0,0.0,0.0,0.0,0.0,0.0,240000.0,0.0,0.0,0.0,0.0,0.0,0.0,0.0,0.0,160000.0,0.0,0.0,0.0,0.0,0.0,0.0,0.0,0.0,240000.0,0.0,0.0,0.0,0.0,0.0,0.0,0.0,0.0,360000.0,0.0,0.0,0.0,0.0,0.0,0.0,0.0,0.0,200000.0,0.0,0.0,0.0,0.0,0.0,0.0,0.0,0.0,920000.0
7,5,0.1,7,random p=0.4,200,160000.0,0.0,0.0,0.0,0.0,0.0,0.0,0.0,0.0,40000.0,0.0,0.0,0.0,0.0,0.0,0.0,0.0,0.0,160000.0,0.0,0.0,0.0,0.0,0.0,0.0,0.0,0.0,400000.0,0.0,40000.0,40000.0,0.0,0.0,0.0,0.0,0.0,120000.0,0.0,0.0,0.0,0.0,0.0,0.0,40000.0,0.0,320000.0,0.0,0.0,0.0,0.0,0.0,40000.0,0.0,0.0,320000.0,0.0,0.0,0.0,0.0,0.0,0.0,0.0,0.0,800000.0
8,5,0.1,8,random p=0.5,200,40000.0,0.0,0.0,0.0,0.0,0.0,0.0,0.0,0.0,0.0,0.0,0.0,0.0,0.0,0.0,0.0,0.0,0.0,280000.0,0.0,40000.0,0.0,0.0,0.0,0.0,0.0,0.0,400000.0,0.0,120000.0,0.0,0.0,0.0,0.0,40000.0,0.0,80000.0,0.0,0.0,0.0,0.0,0.0,0.0,120000.0,0.0,440000.0,0.0,0.0,0.0,0.0,0.0,0.0,0.0,0.0,160000.0,0.0,0.0,0.0,0.0,0.0,0.0,0.0,0.0,1160000.0
9,5,0.1,9,random p=0.6000000000000001,200,40000.0,0.0,0.0,0.0,0.0,0.0,0.0,0.0,0.0,240000.0,0.0,0.0,0.0,0.0,0.0,0.0,0.0,0.0,200000.0,0.0,0.0,0.0,0.0,0.0,0.0,0.0,0.0,200000.0,0.0,0.0,40000.0,0.0,0.0,0.0,0.0,0.0,240000.0,0.0,0.0,0.0,0.0,0.0,0.0,0.0,0.0,0.0,0.0,0.0,0.0,0.0,0.0,40000.0,0.0,0.0,160000.0,0.0,0.0,0.0,0.0,0.0,0.0,0.0,0.0,2680000.0
10,5,0.1,10,random p=0.7000000000000001,200,80000.0,0.0,0.0,0.0,0.0,0.0,0.0,0.0,0.0,160000.0,0.0,0.0,0.0,0.0,0.0,0.0,0.0,0.0,80000.0,0.0,0.0,0.0,0.0,0.0,0.0,0.0,0.0,360000.0,0.0,0.0,0.0,0.0,0.0,0.0,0.0,0.0,40000.0,0.0,0.0,0.0,0.0,0.0,0.0,0.0,0.0,280000.0,0.0,0.0,0.0,0.0,0.0,0.0,0.0,0.0,240000.0,0.0,0.0,0.0,0.0,0.0,0.0,0.0,0.0,1000000.0
11,5,0.2,0,horizontal,1000,40000.0,0.0,0.0,0.0,0.0,0.0,0.0,0.0,0.0,280000.0,0.0,0.0,0.0,0.0,0.0,0.0,0.0,0.0,200000.0,0.0,0.0,0.0,0.0,0.0,0.0,0.0,0.0,1520000.0,0.0,160000.0,120000.0,0.0,0.0,0.0,0.0,0.0,200000.0,0.0,0.0,0.0,0.0,0.0,0.0,160000.0,0.0,1360000.0,0.0,0.0,0.0,0.0,0.0,120000.0,0.0,0.0,760000.0,0.0,0.0,0.0,0.0,0.0,0.0,0.0,0.0,17480000.0
12,5,0.2,1,vertical,1000,120000.0,0.0,0.0,0.0,0.0,0.0,0.0,0.0,0.0,160000.0,0.0,0.0,0.0,0.0,0.0,0.0,0.0,0.0,320000.0,0.0,40000.0,0.0,0.0,0.0,0.0,0.0,0.0,1600000.0,0.0,160000.0,40000.0,0.0,0.0,0.0,40000.0,0.0,280000.0,0.0,0.0,0.0,0.0,0.0,0.0,160000.0,0.0,1640000.0,40000.0,0.0,0.0,0.0,0.0,40000.0,0.0,40000.0,1120000.0,0.0,0.0,0.0,0.0,0.0,0.0,0.0,0.0,12920000.0
13,5,0.2,2,h and v,5000,520000.0,0.0,0.0,0.0,0.0,0.0,0.0,0.0,0.0,1320000.0,40000.0,0.0,0.0,0.0,0.0,0.0,0.0,40000.0,1240000.0,0.0,0.0,0.0,0.0,0.0,0.0,0.0,0.0,6520000.0,0.0,600000.0,520000.0,0.0,0.0,0.0,0.0,0.0,1800000.0,0.0,0.0,0.0,0.0,0.0,0.0,600000.0,0.0,6720000.0,320000.0,0.0,0.0,0.0,0.0,520000.0,0.0,320000.0,6720000.0,0.0,0.0,0.0,0.0,0.0,0.0,0.0,0.0,73080000.0
14,5,0.2,3,random p=0.0,200,80000.0,0.0,0.0,0.0,0.0,0.0,0.0,0.0,0.0,40000.0,0.0,0.0,0.0,0.0,0.0,0.0,0.0,0.0,160000.0,0.0,0.0,0.0,0.0,0.0,0.0,0.0,0.0,320000.0,0.0,0.0,0.0,0.0,0.0,0.0,0.0,0.0,120000.0,0.0,0.0,0.0,0.0,0.0,0.0,0.0,0.0,240000.0,0.0,0.0,0.0,0.0,0.0,0.0,0.0,0.0,480000.0,0.0,0.0,0.0,0.0,0.0,0.0,0.0,0.0,1040000.0
15,5,0.2,4,random p=0.1,200,40000.0,0.0,0.0,0.0,0.0,0.0,0.0,0.0,0.0,40000.0,0.0,0.0,0.0,0.0,0.0,0.0,0.0,0.0,0.0,0.0,0.0,0.0,0.0,0.0,0.0,0.0,0.0,400000.0,0.0,80000.0,0.0,0.0,0.0,0.0,0.0,0.0,40000.0,0.0,0.0,0.0,0.0,0.0,0.0,80000.0,0.0,240000.0,0.0,0.0,0.0,0.0,0.0,0.0,0.0,0.0,280000.0,0.0,0.0,0.0,0.0,0.0,0.0,0.0,0.0,2560000.0
16,5,0.2,5,random p=0.2,200,0.0,0.0,0.0,0.0,0.0,0.0,0.0,0.0,0.0,0.0,0.0,0.0,0.0,0.0,0.0,0.0,0.0,0.0,0.0,0.0,0.0,0.0,0.0,0.0,0.0,0.0,0.0,280000.0,0.0,0.0,0.0,0.0,0.0,0.0,0.0,0.0,80000.0,0.0,0.0,0.0,0.0,0.0,0.0,0.0,0.0,440000.0,80000.0,0.0,0.0,0.0,0.0,0.0,0.0,80000.0,320000.0,0.0,0.0,0.0,0.0,0.0,0.0,0.0,0.0,7120000.0
17,5,0.2,6,random p=0.30000000000000004,200,0.0,0.0,0.0,0.0,0.0,0.0,0.0,0.0,0.0,0.0,0.0,0.0,0.0,0.0,0.0,0.0,0.0,0.0,40000.0,0.0,0.0,0.0,0.0,0.0,0.0,0.0,0.0,80000.0,0.0,40000.0,0.0,0.0,0.0,0.0,0.0,0.0,40000.0,0.0,0.0,0.0,0.0,0.0,0.0,40000.0,0.0,40000.0,0.0,0.0,0.0,0.0,0.0,0.0,0.0,0.0,40000.0,0.0,0.0,0.0,0.0,0.0,0.0,0.0,0.0,39600000.0
18,5,0.2,7,random p=0.4,200,40000.0,0.0,0.0,0.0,0.0,0.0,0.0,0.0,0.0,40000.0,0.0,0.0,0.0,0.0,0.0,0.0,0.0,0.0,40000.0,0.0,0.0,0.0,0.0,0.0,0.0,0.0,0.0,200000.0,0.0,0.0,0.0,0.0,0.0,0.0,0.0,0.0,80000.0,0.0,0.0,0.0,0.0,0.0,0.0,0.0,0.0,200000.0,0.0,0.0,0.0,0.0,0.0,0.0,0.0,0.0,120000.0,0.0,0.0,0.0,0.0,0.0,0.0,0.0,0.0,4320000.0
19,5,0.2,8,random p=0.5,200,40000.0,0.0,0.0,0.0,0.0,0.0,0.0,0.0,0.0,0.0,0.0,0.0,0.0,0.0,0.0,0.0,0.0,0.0,0.0,0.0,0.0,0.0,0.0,0.0,0.0,0.0,0.0,160000.0,0.0,0.0,0.0,0.0,0.0,0.0,0.0,0.0,0.0,0.0,0.0,0.0,0.0,0.0,0.0,0.0,0.0,40000.0,0.0,0.0,0.0,0.0,0.0,0.0,0.0,0.0,0.0,0.0,0.0,0.0,0.0,0.0,0.0,0.0,0.0,67600000.0
20,5,0.2,9,random p=0.6000000000000001,200,40000.0,0.0,0.0,0.0,0.0,0.0,0.0,0.0,0.0,40000.0,0.0,0.0,0.0,0.0,0.0,0.0,0.0,0.0,0.0,0.0,0.0,0.0,0.0,0.0,0.0,0.0,0.0,240000.0,0.0,40000.0,0.0,0.0,0.0,0.0,0.0,0.0,80000.0,0.0,0.0,0.0,0.0,0.0,0.0,40000.0,0.0,120000.0,0.0,0.0,0.0,0.0,0.0,0.0,0.0,0.0,0.0,0.0,0.0,0.0,0.0,0.0,0.0,0.0,0.0,18680000.0
21,5,0.2,10,random p=0.7000000000000001,200,40000.0,0.0,0.0,0.0,0.0,0.0,0.0,0.0,0.0,120000.0,0.0,0.0,0.0,0.0,0.0,0.0,0.0,0.0,120000.0,0.0,0.0,0.0,0.0,0.0,0.0,0.0,0.0,560000.0,0.0,0.0,40000.0,0.0,0.0,0.0,0.0,0.0,80000.0,0.0,0.0,0.0,0.0,0.0,0.0,0.0,0.0,280000.0,0.0,0.0,0.0,0.0,0.0,40000.0,0.0,0.0,320000.0,0.0,0.0,0.0,0.0,0.0,0.0,0.0,0.0,720000.0
22,5,0.3,0,horizontal,1000,0.0,0.0,0.0,0.0,0.0,0.0,0.0,0.0,0.0,200000.0,0.0,0.0,0.0,0.0,0.0,0.0,0.0,0.0,160000.0,0.0,0.0,0.0,0.0,0.0,0.0,0.0,0.0,1080000.0,0.0,280000.0,80000.0,0.0,0.0,0.0,0.0,0.0,120000.0,0.0,0.0,0.0,0.0,0.0,0.0,280000.0,0.0,1520000.0,120000.0,0.0,0.0,0.0,0.0,80000.0,0.0,120000.0,1320000.0,0.0,0.0,0.0,0.0,0.0,0.0,0.0,0.0,18000000.0
23,5,0.3,1,vertical,1000,0.0,0.0,0.0,0.0,0.0,0.0,0.0,0.0,0.0,80000.0,0.0,0.0,0.0,0.0,0.0,0.0,0.0,0.0,120000.0,40000.0,0.0,160000.0,0.0,0.0,0.0,0.0,40000.0,1160000.0,0.0,640000.0,40000.0,0.0,0.0,0.0,0.0,0.0,40000.0,0.0,0.0,0.0,0.0,0.0,160000.0,640000.0,0.0,2120000.0,0.0,0.0,0.0,0.0,0.0,40000.0,0.0,0.0,560000.0,0.0,0.0,0.0,0.0,0.0,0.0,0.0,0.0,152720000.0
24,5,0.3,2,h and v,5000,40000.0,0.0,0.0,0.0,0.0,0.0,0.0,0.0,0.0,680000.0,0.0,0.0,0.0,0.0,0.0,0.0,0.0,0.0,760000.0,0.0,0.0,0.0,0.0,0.0,0.0,0.0,0.0,6200000.0,0.0,1720000.0,200000.0,0.0,0.0,0.0,0.0,0.0,920000.0,0.0,0.0,0.0,0.0,0.0,0.0,1720000.0,0.0,6800000.0,760000.0,0.0,0.0,0.0,0.0,200000.0,0.0,760000.0,5120000.0,0.0,0.0,0.0,0.0,0.0,0.0,0.0,0.0,123720000.0
25,5,0.3,3,random p=0.0,200,0.0,0.0,0.0,0.0,0.0,0.0,0.0,0.0,0.0,40000.0,0.0,0.0,0.0,0.0,0.0,0.0,0.0,0.0,40000.0,0.0,0.0,0.0,0.0,0.0,0.0,0.0,0.0,320000.0,0.0,0.0,0.0,0.0,0.0,0.0,0.0,0.0,80000.0,0.0,0.0,0.0,0.0,0.0,0.0,0.0,0.0,240000.0,0.0,0.0,0.0,0.0,0.0,0.0,0.0,0.0,0.0,0.0,0.0,0.0,0.0,0.0,0.0,0.0,0.0,5600000.0
26,5,0.3,4,random p=0.1,200,0.0,0.0,0.0,0.0,0.0,0.0,0.0,0.0,0.0,0.0,0.0,0.0,0.0,0.0,0.0,0.0,0.0,0.0,40000.0,0.0,0.0,0.0,0.0,0.0,0.0,0.0,0.0,80000.0,0.0,0.0,0.0,0.0,0.0,0.0,0.0,0.0,80000.0,0.0,0.0,0.0,0.0,0.0,0.0,0.0,0.0,200000.0,0.0,0.0,0.0,0.0,0.0,0.0,0.0,0.0,120000.0,0.0,0.0,0.0,0.0,0.0,0.0,0.0,0.0,19400000.0
27,5,0.3,5,random p=0.2,200,0.0,0.0,0.0,0.0,0.0,0.0,0.0,0.0,0.0,0.0,0.0,0.0,0.0,0.0,0.0,0.0,0.0,0.0,0.0,0.0,0.0,0.0,0.0,0.0,0.0,0.0,0.0,0.0,0.0,0.0,0.0,0.0,0.0,0.0,0.0,0.0,0.0,0.0,0.0,0.0,0.0,0.0,0.0,0.0,0.0,0.0,0.0,0.0,0.0,0.0,0.0,0.0,0.0,0.0,0.0,0.0,0.0,0.0,0.0,0.0,0.0,0.0,0.0,100000000.0
28,5,0.3,6,random p=0.30000000000000004,200,0.0,0.0,0.0,0.0,0.0,0.0,0.0,0.0,0.0,0.0,0.0,0.0,0.0,0.0,0.0,0.0,0.0,0.0,0.0,0.0,0.0,0.0,0.0,0.0,0.0,0.0,0.0,0.0,0.0,0.0,0.0,0.0,0.0,0.0,0.0,0.0,0.0,0.0,0.0,0.0,0.0,0.0,0.0,0.0,0.0,0.0,0.0,0.0,0.0,0.0,0.0,0.0,0.0,0.0,0.0,0.0,0.0,0.0,0.0,0.0,0.0,0.0,0.0,100000000.0
29,5,0.3,7,random p=0.4,200,0.0,0.0,0.0,0.0,0.0,0.0,0.0,0.0,0.0,40000.0,0.0,0.0,0.0,0.0,0.0,0.0,0.0,0.0,40000.0,0.0,0.0,0.0,0.0,0.0,0.0,0.0,0.0,80000.0,0.0,0.0,0.0,0.0,0.0,0.0,0.0,0.0,0.0,0.0,0.0,0.0,0.0,0.0,0.0,0.0,0.0,120000.0,0.0,0.0,0.0,0.0,0.0,0.0,0.0,0.0,40000.0,0.0,0.0,0.0,0.0,0.0,0.0,0.0,0.0,11120000.0
30,5,0.3,8,random p=0.5,200,0.0,0.0,0.0,0.0,0.0,0.0,0.0,0.0,0.0,0.0,0.0,0.0,0.0,0.0,0.0,0.0,0.0,0.0,0.0,0.0,0.0,0.0,0.0,0.0,0.0,0.0,0.0,0.0,0.0,0.0,0.0,0.0,0.0,0.0,0.0,0.0,0.0,0.0,0.0,0.0,0.0,0.0,0.0,0.0,0.0,0.0,0.0,0.0,0.0,0.0,0.0,0.0,0.0,0.0,0.0,0.0,0.0,0.0,0.0,0.0,0.0,0.0,0.0,100000000.0
31,5,0.3,9,random p=0.6000000000000001,200,0.0,0.0,0.0,0.0,0.0,0.0,0.0,0.0,0.0,0.0,0.0,0.0,0.0,0.0,0.0,0.0,0.0,0.0,0.0,0.0,0.0,0.0,0.0,0.0,0.0,0.0,0.0,0.0,0.0,0.0,0.0,0.0,0.0,0.0,0.0,0.0,0.0,0.0,0.0,0.0,0.0,0.0,0.0,0.0,0.0,0.0,0.0,0.0,0.0,0.0,0.0,0.0,0.0,0.0,0.0,0.0,0.0,0.0,0.0,0.0,0.0,0.0,0.0,100000000.0
32,5,0.3,10,random p=0.7000000000000001,200,0.0,0.0,0.0,0.0,0.0,0.0,0.0,0.0,0.0,40000.0,0.0,0.0,0.0,0.0,0.0,0.0,0.0,0.0,40000.0,0.0,0.0,0.0,0.0,0.0,0.0,0.0,0.0,80000.0,0.0,40000.0,0.0,0.0,0.0,0.0,0.0,0.0,0.0,0.0,0.0,0.0,0.0,0.0,0.0,40000.0,0.0,40000.0,0.0,0.0,0.0,0.0,0.0,0.0,0.0,0.0,40000.0,0.0,0.0,0.0,0.0,0.0,0.0,0.0,0.0,17120000.0
33,5,0.4,0,horizontal,1000,0.0,0.0,0.0,0.0,0.0,0.0,0.0,0.0,0.0,80000.0,0.0,0.0,0.0,0.0,0.0,0.0,0.0,0.0,40000.0,0.0,0.0,0.0,0.0,0.0,0.0,0.0,0.0,840000.0,0.0,160000.0,0.0,0.0,0.0,0.0,0.0,0.0,160000.0,0.0,0.0,0.0,0.0,0.0,0.0,160000.0,0.0,920000.0,0.0,0.0,0.0,0.0,0.0,0.0,0.0,0.0,960000.0,0.0,0.0,0.0,0.0,0.0,0.0,0.0,0.0,24040000.0
34,5,0.4,1,vertical,1000,40000.0,0.0,0.0,0.0,0.0,0.0,0.0,0.0,0.0,80000.0,0.0,0.0,0.0,0.0,0.0,0.0,0.0,0.0,80000.0,0.0,0.0,0.0,0.0,0.0,0.0,0.0,0.0,960000.0,0.0,80000.0,0.0,0.0,0.0,0.0,0.0,0.0,80000.0,0.0,0.0,0.0,0.0,0.0,0.0,80000.0,0.0,1440000.0,120000.0,0.0,0.0,0.0,0.0,0.0,0.0,120000.0,920000.0,0.0,0.0,0.0,0.0,0.0,0.0,0.0,0.0,77280000.0
35,5,0.4,2,h and v,5000,80000.0,0.0,0.0,0.0,0.0,0.0,0.0,0.0,0.0,560000.0,40000.0,0.0,0.0,0.0,0.0,0.0,0.0,40000.0,480000.0,0.0,40000.0,0.0,0.0,0.0,0.0,0.0,0.0,5320000.0,40000.0,1800000.0,480000.0,0.0,0.0,0.0,40000.0,40000.0,640000.0,40000.0,40000.0,0.0,0.0,0.0,0.0,1800000.0,40000.0,5720000.0,840000.0,0.0,0.0,0.0,0.0,480000.0,40000.0,840000.0,4800000.0,0.0,0.0,0.0,0.0,0.0,0.0,0.0,0.0,117520000.0
36,5,0.4,3,random p=0.0,200,0.0,0.0,0.0,0.0,0.0,0.0,0.0,0.0,0.0,40000.0,0.0,0.0,0.0,0.0,0.0,0.0,0.0,0.0,120000.0,0.0,0.0,0.0,0.0,0.0,0.0,0.0,0.0,160000.0,0.0,80000.0,80000.0,0.0,0.0,0.0,0.0,0.0,0.0,0.0,0.0,0.0,0.0,0.0,0.0,80000.0,0.0,240000.0,0.0,0.0,0.0,0.0,0.0,80000.0,0.0,0.0,240000.0,0.0,0.0,0.0,0.0,0.0,0.0,0.0,0.0,10480000.0
37,5,0.4,4,random p=0.1,200,0.0,0.0,0.0,0.0,0.0,0.0,0.0,0.0,0.0,0.0,0.0,0.0,0.0,0.0,0.0,0.0,0.0,0.0,0.0,0.0,0.0,0.0,0.0,0.0,0.0,0.0,0.0,160000.0,0.0,40000.0,0.0,0.0,0.0,0.0,0.0,0.0,0.0,0.0,0.0,0.0,0.0,0.0,0.0,40000.0,0.0,160000.0,0.0,0.0,0.0,0.0,0.0,0.0,0.0,0.0,160000.0,0.0,0.0,0.0,0.0,0.0,0.0,0.0,0.0,8160000.0
38,5,0.4,5,random p=0.2,200,40000.0,0.0,0.0,0.0,0.0,0.0,0.0,0.0,0.0,0.0,0.0,0.0,0.0,0.0,0.0,0.0,0.0,0.0,0.0,0.0,0.0,0.0,0.0,0.0,0.0,0.0,0.0,40000.0,0.0,0.0,0.0,0.0,0.0,0.0,0.0,0.0,0.0,0.0,0.0,0.0,0.0,0.0,0.0,0.0,0.0,40000.0,0.0,0.0,0.0,0.0,0.0,0.0,0.0,0.0,40000.0,0.0,0.0,0.0,0.0,0.0,0.0,0.0,0.0,36000000.0
39,5,0.4,6,random p=0.30000000000000004,200,0.0,0.0,0.0,0.0,0.0,0.0,0.0,0.0,0.0,40000.0,0.0,0.0,0.0,0.0,0.0,0.0,0.0,0.0,0.0,0.0,0.0,0.0,0.0,0.0,0.0,0.0,0.0,40000.0,0.0,0.0,0.0,0.0,0.0,0.0,0.0,0.0,40000.0,0.0,0.0,0.0,0.0,0.0,0.0,0.0,0.0,80000.0,0.0,0.0,0.0,0.0,0.0,0.0,0.0,0.0,40000.0,0.0,0.0,0.0,0.0,0.0,0.0,0.0,0.0,18800000.0
40,5,0.4,7,random p=0.4,200,0.0,0.0,0.0,0.0,0.0,0.0,0.0,0.0,0.0,0.0,0.0,0.0,0.0,0.0,0.0,0.0,0.0,0.0,0.0,0.0,0.0,0.0,0.0,0.0,0.0,0.0,0.0,240000.0,0.0,80000.0,0.0,0.0,0.0,0.0,0.0,0.0,0.0,0.0,0.0,0.0,0.0,0.0,0.0,80000.0,0.0,360000.0,0.0,0.0,0.0,0.0,0.0,0.0,0.0,0.0,200000.0,0.0,0.0,0.0,0.0,0.0,0.0,0.0,0.0,2720000.0
41,5,0.4,8,random p=0.5,200,40000.0,0.0,0.0,0.0,0.0,0.0,0.0,0.0,0.0,0.0,0.0,0.0,0.0,0.0,0.0,0.0,0.0,0.0,0.0,0.0,0.0,0.0,0.0,0.0,0.0,0.0,0.0,80000.0,0.0,0.0,0.0,0.0,0.0,0.0,0.0,0.0,0.0,0.0,0.0,0.0,0.0,0.0,0.0,0.0,0.0,40000.0,0.0,0.0,0.0,0.0,0.0,0.0,0.0,0.0,0.0,0.0,0.0,0.0,0.0,0.0,0.0,0.0,0.0,50640000.0
42,5,0.4,9,random p=0.6000000000000001,200,0.0,0.0,0.0,0.0,0.0,0.0,0.0,0.0,0.0,0.0,0.0,0.0,0.0,0.0,0.0,0.0,0.0,0.0,0.0,0.0,0.0,0.0,0.0,0.0,0.0,0.0,0.0,0.0,0.0,0.0,0.0,0.0,0.0,0.0,0.0,0.0,0.0,0.0,0.0,0.0,0.0,0.0,0.0,0.0,0.0,0.0,0.0,0.0,0.0,0.0,0.0,0.0,0.0,0.0,0.0,0.0,0.0,0.0,0.0,0.0,0.0,0.0,0.0,100000000.0
43,5,0.4,10,random p=0.7000000000000001,200,0.0,0.0,0.0,0.0,0.0,0.0,0.0,0.0,0.0,0.0,0.0,0.0,0.0,0.0,0.0,0.0,0.0,0.0,0.0,0.0,0.0,0.0,0.0,0.0,0.0,0.0,0.0,0.0,0.0,0.0,0.0,0.0,0.0,0.0,0.0,0.0,0.0,0.0,0.0,0.0,0.0,0.0,0.0,0.0,0.0,0.0,0.0,0.0,0.0,0.0,0.0,0.0,0.0,0.0,0.0,0.0,0.0,0.0,0.0,0.0,0.0,0.0,0.0,100000000.0
44,5,0.5,0,horizontal,1000,0.0,0.0,0.0,0.0,0.0,0.0,0.0,0.0,0.0,120000.0,0.0,0.0,0.0,0.0,0.0,0.0,0.0,0.0,0.0,0.0,0.0,0.0,0.0,0.0,0.0,0.0,0.0,760000.0,0.0,160000.0,160000.0,0.0,0.0,0.0,0.0,0.0,0.0,0.0,0.0,0.0,0.0,0.0,0.0,160000.0,0.0,640000.0,0.0,0.0,0.0,0.0,0.0,160000.0,0.0,0.0,1080000.0,0.0,0.0,0.0,0.0,0.0,0.0,0.0,0.0,26760000.0
45,5,0.5,1,vertical,1000,0.0,0.0,0.0,0.0,0.0,0.0,0.0,0.0,0.0,120000.0,0.0,0.0,0.0,0.0,0.0,0.0,0.0,0.0,40000.0,0.0,0.0,0.0,0.0,0.0,0.0,0.0,0.0,1080000.0,0.0,280000.0,40000.0,0.0,0.0,0.0,0.0,0.0,80000.0,0.0,0.0,0.0,0.0,0.0,0.0,280000.0,0.0,1600000.0,80000.0,0.0,0.0,0.0,0.0,40000.0,0.0,80000.0,1080000.0,0.0,0.0,0.0,0.0,0.0,0.0,0.0,0.0,79360000.0
46,5,0.5,2,h and v,5000,0.0,0.0,0.0,0.0,0.0,0.0,0.0,0.0,0.0,360000.0,0.0,0.0,0.0,0.0,0.0,0.0,0.0,0.0,280000.0,0.0,0.0,0.0,0.0,0.0,0.0,0.0,0.0,5240000.0,0.0,2400000.0,280000.0,0.0,0.0,0.0,0.0,0.0,240000.0,0.0,0.0,0.0,0.0,0.0,0.0,2400000.0,0.0,5480000.0,720000.0,0.0,0.0,0.0,0.0,280000.0,0.0,720000.0,3760000.0,0.0,0.0,0.0,0.0,0.0,0.0,0.0,0.0,138480000.0
47,5,0.5,3,random p=0.0,200,0.0,0.0,0.0,0.0,0.0,0.0,0.0,0.0,0.0,0.0,0.0,0.0,0.0,0.0,0.0,0.0,0.0,0.0,0.0,0.0,0.0,0.0,0.0,0.0,0.0,0.0,0.0,0.0,0.0,0.0,0.0,0.0,0.0,0.0,0.0,0.0,0.0,0.0,0.0,0.0,0.0,0.0,0.0,0.0,0.0,0.0,0.0,0.0,0.0,0.0,0.0,0.0,0.0,0.0,0.0,0.0,0.0,0.0,0.0,0.0,0.0,0.0,0.0,100000000.0
48,5,0.5,4,random p=0.1,200,0.0,0.0,0.0,0.0,0.0,0.0,0.0,0.0,0.0,0.0,0.0,0.0,0.0,0.0,0.0,0.0,0.0,0.0,0.0,0.0,0.0,0.0,0.0,0.0,0.0,0.0,0.0,0.0,0.0,0.0,0.0,0.0,0.0,0.0,0.0,0.0,0.0,0.0,0.0,0.0,0.0,0.0,0.0,0.0,0.0,0.0,0.0,0.0,0.0,0.0,0.0,0.0,0.0,0.0,0.0,0.0,0.0,0.0,0.0,0.0,0.0,0.0,0.0,100000000.0
49,5,0.5,5,random p=0.2,200,0.0,0.0,0.0,0.0,0.0,0.0,0.0,0.0,0.0,40000.0,0.0,0.0,0.0,0.0,0.0,0.0,0.0,0.0,40000.0,0.0,0.0,0.0,0.0,0.0,0.0,0.0,0.0,120000.0,0.0,40000.0,0.0,0.0,0.0,0.0,0.0,0.0,40000.0,0.0,0.0,0.0,0.0,0.0,0.0,40000.0,0.0,280000.0,0.0,0.0,0.0,0.0,0.0,0.0,0.0,0.0,240000.0,0.0,0.0,0.0,0.0,0.0,0.0,0.0,0.0,4760000.0
50,5,0.5,6,random p=0.30000000000000004,200,0.0,0.0,0.0,0.0,0.0,0.0,0.0,0.0,0.0,40000.0,0.0,0.0,0.0,0.0,0.0,0.0,0.0,0.0,40000.0,0.0,0.0,0.0,0.0,0.0,0.0,0.0,0.0,40000.0,0.0,0.0,0.0,0.0,0.0,0.0,0.0,0.0,0.0,0.0,0.0,0.0,0.0,0.0,0.0,0.0,0.0,40000.0,0.0,0.0,0.0,0.0,0.0,0.0,0.0,0.0,80000.0,0.0,0.0,0.0,0.0,0.0,0.0,0.0,0.0,40160000.0
51,5,0.5,7,random p=0.4,200,0.0,0.0,0.0,0.0,0.0,0.0,0.0,0.0,0.0,0.0,0.0,0.0,0.0,0.0,0.0,0.0,0.0,0.0,0.0,0.0,0.0,0.0,0.0,0.0,0.0,0.0,0.0,0.0,0.0,0.0,0.0,0.0,0.0,0.0,0.0,0.0,0.0,0.0,0.0,0.0,0.0,0.0,0.0,0.0,0.0,0.0,0.0,0.0,0.0,0.0,0.0,0.0,0.0,0.0,0.0,0.0,0.0,0.0,0.0,0.0,0.0,0.0,0.0,100000000.0
52,5,0.5,8,random p=0.5,200,0.0,0.0,0.0,0.0,0.0,0.0,0.0,0.0,0.0,40000.0,0.0,0.0,0.0,0.0,0.0,0.0,0.0,0.0,40000.0,0.0,0.0,0.0,0.0,0.0,0.0,0.0,0.0,80000.0,0.0,40000.0,0.0,0.0,0.0,0.0,0.0,0.0,0.0,0.0,0.0,0.0,0.0,0.0,0.0,40000.0,0.0,120000.0,0.0,0.0,0.0,0.0,0.0,0.0,0.0,0.0,40000.0,0.0,0.0,0.0,0.0,0.0,0.0,0.0,0.0,17840000.0
53,5,0.5,9,random p=0.6000000000000001,200,0.0,0.0,0.0,0.0,0.0,0.0,0.0,0.0,0.0,0.0,0.0,0.0,0.0,0.0,0.0,0.0,0.0,0.0,40000.0,0.0,0.0,0.0,0.0,0.0,0.0,0.0,0.0,80000.0,0.0,40000.0,0.0,0.0,0.0,0.0,0.0,0.0,40000.0,0.0,0.0,0.0,0.0,0.0,0.0,40000.0,0.0,40000.0,0.0,0.0,0.0,0.0,0.0,0.0,0.0,0.0,40000.0,0.0,0.0,0.0,0.0,0.0,0.0,0.0,0.0,39680000.0
54,5,0.5,10,random p=0.7000000000000001,200,0.0,0.0,0.0,0.0,0.0,0.0,0.0,0.0,0.0,80000.0,0.0,0.0,0.0,0.0,0.0,0.0,0.0,0.0,0.0,0.0,0.0,0.0,0.0,0.0,0.0,0.0,0.0,40000.0,0.0,0.0,0.0,0.0,0.0,0.0,0.0,0.0,0.0,0.0,0.0,0.0,0.0,0.0,0.0,0.0,0.0,40000.0,0.0,0.0,0.0,0.0,0.0,0.0,0.0,0.0,80000.0,0.0,0.0,0.0,0.0,0.0,0.0,0.0,0.0,47600000.0
55,5,0.6,0,horizontal,1000,0.0,0.0,0.0,0.0,0.0,0.0,0.0,0.0,0.0,80000.0,0.0,0.0,0.0,0.0,0.0,0.0,0.0,0.0,0.0,0.0,0.0,0.0,0.0,0.0,0.0,0.0,0.0,1040000.0,0.0,120000.0,240000.0,0.0,0.0,0.0,0.0,0.0,80000.0,0.0,0.0,0.0,0.0,0.0,0.0,120000.0,0.0,880000.0,80000.0,0.0,0.0,0.0,0.0,240000.0,0.0,80000.0,1040000.0,0.0,0.0,0.0,0.0,0.0,0.0,0.0,0.0,23760000.0
56,5,0.6,1,vertical,1000,0.0,0.0,0.0,0.0,0.0,0.0,0.0,0.0,0.0,0.0,0.0,0.0,0.0,0.0,0.0,0.0,0.0,0.0,40000.0,0.0,0.0,0.0,0.0,0.0,0.0,0.0,0.0,920000.0,0.0,160000.0,40000.0,0.0,0.0,0.0,0.0,0.0,40000.0,0.0,0.0,0.0,0.0,0.0,0.0,160000.0,0.0,2480000.0,240000.0,0.0,0.0,0.0,0.0,40000.0,0.0,240000.0,600000.0,0.0,0.0,0.0,0.0,0.0,0.0,0.0,0.0,184000000.0
57,5,0.6,2,h and v,5000,0.0,0.0,0.0,0.0,0.0,0.0,0.0,0.0,0.0,200000.0,0.0,0.0,0.0,0.0,0.0,0.0,0.0,0.0,200000.0,0.0,0.0,0.0,0.0,0.0,0.0,0.0,0.0,5320000.0,0.0,3200000.0,640000.0,0.0,0.0,0.0,0.0,0.0,280000.0,0.0,0.0,0.0,0.0,0.0,0.0,3200000.0,0.0,7200000.0,1600000.0,0.0,0.0,0.0,0.0,640000.0,0.0,1600000.0,4040000.0,0.0,0.0,0.0,0.0,0.0,0.0,0.0,0.0,160600000.0
58,5,0.6,3,random p=0.0,200,0.0,0.0,0.0,0.0,0.0,0.0,0.0,0.0,0.0,0.0,0.0,0.0,0.0,0.0,0.0,0.0,0.0,0.0,0.0,0.0,0.0,0.0,0.0,0.0,0.0,0.0,0.0,200000.0,0.0,0.0,0.0,0.0,0.0,0.0,0.0,0.0,40000.0,0.0,0.0,0.0,0.0,0.0,0.0,0.0,0.0,200000.0,0.0,0.0,0.0,0.0,0.0,0.0,0.0,0.0,80000.0,0.0,0.0,0.0,0.0,0.0,0.0,0.0,0.0,8280000.0
59,5,0.6,4,random p=0.1,200,0.0,0.0,0.0,0.0,0.0,0.0,0.0,0.0,0.0,0.0,0.0,0.0,0.0,0.0,0.0,0.0,0.0,0.0,0.0,0.0,0.0,0.0,0.0,0.0,0.0,0.0,0.0,0.0,0.0,0.0,0.0,0.0,0.0,0.0,0.0,0.0,0.0,0.0,0.0,0.0,0.0,0.0,0.0,0.0,0.0,0.0,0.0,0.0,0.0,0.0,0.0,0.0,0.0,0.0,0.0,0.0,0.0,0.0,0.0,0.0,0.0,0.0,0.0,100000000.0
60,5,0.6,5,random p=0.2,200,0.0,0.0,0.0,0.0,0.0,0.0,0.0,0.0,0.0,80000.0,0.0,0.0,0.0,0.0,0.0,0.0,0.0,0.0,0.0,0.0,0.0,0.0,0.0,0.0,0.0,0.0,0.0,40000.0,0.0,0.0,0.0,0.0,0.0,0.0,0.0,0.0,0.0,0.0,0.0,0.0,0.0,0.0,0.0,0.0,0.0,80000.0,0.0,0.0,0.0,0.0,0.0,0.0,0.0,0.0,200000.0,0.0,0.0,0.0,0.0,0.0,0.0,0.0,0.0,22480000.0
61,5,0.6,6,random p=0.30000000000000004,200,0.0,0.0,0.0,0.0,0.0,0.0,0.0,0.0,0.0,0.0,0.0,0.0,0.0,0.0,0.0,0.0,0.0,0.0,0.0,0.0,0.0,0.0,0.0,0.0,0.0,0.0,0.0,0.0,0.0,0.0,0.0,0.0,0.0,0.0,0.0,0.0,0.0,0.0,0.0,0.0,0.0,0.0,0.0,0.0,0.0,0.0,0.0,0.0,0.0,0.0,0.0,0.0,0.0,0.0,0.0,0.0,0.0,0.0,0.0,0.0,0.0,0.0,0.0,100000000.0
62,5,0.6,7,random p=0.4,200,0.0,0.0,0.0,0.0,0.0,0.0,0.0,0.0,0.0,0.0,0.0,0.0,0.0,0.0,0.0,0.0,0.0,0.0,0.0,0.0,0.0,0.0,0.0,0.0,0.0,0.0,0.0,0.0,0.0,0.0,0.0,0.0,0.0,0.0,0.0,0.0,0.0,0.0,0.0,0.0,0.0,0.0,0.0,0.0,0.0,0.0,0.0,0.0,0.0,0.0,0.0,0.0,0.0,0.0,0.0,0.0,0.0,0.0,0.0,0.0,0.0,0.0,0.0,100000000.0
63,5,0.6,8,random p=0.5,200,0.0,0.0,0.0,0.0,0.0,0.0,0.0,0.0,0.0,0.0,0.0,0.0,0.0,0.0,0.0,0.0,0.0,0.0,0.0,0.0,0.0,0.0,0.0,0.0,0.0,0.0,0.0,0.0,0.0,0.0,0.0,0.0,0.0,0.0,0.0,0.0,0.0,0.0,0.0,0.0,0.0,0.0,0.0,0.0,0.0,0.0,0.0,0.0,0.0,0.0,0.0,0.0,0.0,0.0,0.0,0.0,0.0,0.0,0.0,0.0,0.0,0.0,0.0,100000000.0
64,5,0.6,9,random p=0.6000000000000001,200,0.0,0.0,0.0,0.0,0.0,0.0,0.0,0.0,0.0,0.0,0.0,0.0,0.0,0.0,0.0,0.0,0.0,0.0,0.0,0.0,0.0,0.0,0.0,0.0,0.0,0.0,0.0,0.0,0.0,0.0,0.0,0.0,0.0,0.0,0.0,0.0,0.0,0.0,0.0,0.0,0.0,0.0,0.0,0.0,0.0,0.0,0.0,0.0,0.0,0.0,0.0,0.0,0.0,0.0,0.0,0.0,0.0,0.0,0.0,0.0,0.0,0.0,0.0,100000000.0
65,5,0.6,10,random p=0.7000000000000001,200,0.0,0.0,0.0,0.0,0.0,0.0,0.0,0.0,0.0,0.0,0.0,0.0,0.0,0.0,0.0,0.0,0.0,0.0,0.0,0.0,0.0,0.0,0.0,0.0,0.0,0.0,0.0,0.0,0.0,0.0,0.0,0.0,0.0,0.0,0.0,0.0,0.0,0.0,0.0,0.0,0.0,0.0,0.0,0.0,0.0,0.0,0.0,0.0,0.0,0.0,0.0,0.0,0.0,0.0,0.0,0.0,0.0,0.0,0.0,0.0,0.0,0.0,0.0,100000000.0
66,5,0.7,0,horizontal,1000,0.0,0.0,0.0,0.0,0.0,0.0,0.0,0.0,0.0,0.0,0.0,0.0,0.0,0.0,0.0,0.0,0.0,0.0,0.0,0.0,0.0,0.0,0.0,0.0,0.0,0.0,0.0,800000.0,0.0,120000.0,40000.0,0.0,0.0,0.0,0.0,0.0,0.0,0.0,0.0,0.0,0.0,0.0,0.0,120000.0,0.0,640000.0,0.0,0.0,0.0,0.0,0.0,40000.0,0.0,0.0,800000.0,0.0,0.0,0.0,0.0,0.0,0.0,0.0,0.0,28000000.0
67,5,0.7,1,vertical,1000,0.0,0.0,0.0,0.0,0.0,0.0,0.0,0.0,0.0,40000.0,0.0,0.0,0.0,0.0,0.0,0.0,0.0,0.0,40000.0,0.0,0.0,0.0,0.0,0.0,0.0,0.0,0.0,680000.0,0.0,240000.0,0.0,0.0,0.0,0.0,0.0,0.0,80000.0,0.0,0.0,0.0,0.0,0.0,0.0,240000.0,0.0,1400000.0,120000.0,0.0,0.0,0.0,0.0,0.0,0.0,120000.0,960000.0,0.0,0.0,0.0,0.0,0.0,0.0,0.0,0.0,137200000.0
68,5,0.7,2,h and v,5000,0.0,0.0,0.0,0.0,0.0,0.0,0.0,0.0,0.0,0.0,0.0,0.0,0.0,0.0,0.0,0.0,0.0,0.0,40000.0,160000.0,0.0,320000.0,160000.0,0.0,0.0,0.0,160000.0,6840000.0,80000.0,5840000.0,1240000.0,0.0,0.0,0.0,0.0,80000.0,80000.0,160000.0,80000.0,0.0,0.0,0.0,320000.0,5840000.0,160000.0,8880000.0,2600000.0,0.0,0.0,0.0,160000.0,1240000.0,80000.0,2600000.0,4040000.0,0.0,0.0,0.0,0.0,0.0,0.0,0.0,0.0,262280000.0
69,5,0.7,3,random p=0.0,200,0.0,0.0,0.0,0.0,0.0,0.0,0.0,0.0,0.0,0.0,0.0,0.0,0.0,0.0,0.0,0.0,0.0,0.0,0.0,0.0,0.0,0.0,0.0,0.0,0.0,0.0,0.0,0.0,0.0,0.0,0.0,0.0,0.0,0.0,0.0,0.0,0.0,0.0,0.0,0.0,0.0,0.0,0.0,0.0,0.0,0.0,0.0,0.0,0.0,0.0,0.0,0.0,0.0,0.0,0.0,0.0,0.0,0.0,0.0,0.0,0.0,0.0,0.0,100000000.0
70,5,0.7,4,random p=0.1,200,0.0,0.0,0.0,0.0,0.0,0.0,0.0,0.0,0.0,40000.0,0.0,0.0,0.0,0.0,0.0,0.0,0.0,0.0,40000.0,0.0,0.0,0.0,0.0,0.0,0.0,0.0,0.0,40000.0,0.0,0.0,0.0,0.0,0.0,0.0,0.0,0.0,0.0,0.0,0.0,0.0,0.0,0.0,0.0,0.0,0.0,120000.0,40000.0,0.0,0.0,0.0,0.0,0.0,0.0,40000.0,80000.0,0.0,0.0,0.0,0.0,0.0,0.0,0.0,0.0,33040000.0
71,5,0.7,5,random p=0.2,200,0.0,0.0,0.0,0.0,0.0,0.0,0.0,0.0,0.0,0.0,0.0,0.0,0.0,0.0,0.0,0.0,0.0,0.0,0.0,0.0,0.0,0.0,0.0,0.0,0.0,0.0,0.0,0.0,0.0,0.0,0.0,0.0,0.0,0.0,0.0,0.0,0.0,0.0,0.0,0.0,0.0,0.0,0.0,0.0,0.0,0.0,0.0,0.0,0.0,0.0,0.0,0.0,0.0,0.0,0.0,0.0,0.0,0.0,0.0,0.0,0.0,0.0,0.0,100000000.0
72,5,0.7,6,random p=0.30000000000000004,200,0.0,0.0,0.0,0.0,0.0,0.0,0.0,0.0,0.0,0.0,0.0,0.0,0.0,0.0,0.0,0.0,0.0,0.0,0.0,0.0,0.0,0.0,0.0,0.0,0.0,0.0,0.0,0.0,0.0,0.0,0.0,0.0,0.0,0.0,0.0,0.0,0.0,0.0,0.0,0.0,0.0,0.0,0.0,0.0,0.0,0.0,0.0,0.0,0.0,0.0,0.0,0.0,0.0,0.0,0.0,0.0,0.0,0.0,0.0,0.0,0.0,0.0,0.0,100000000.0
73,5,0.7,7,random p=0.4,200,0.0,0.0,0.0,0.0,0.0,0.0,0.0,0.0,0.0,0.0,0.0,0.0,0.0,0.0,0.0,0.0,0.0,0.0,40000.0,0.0,0.0,0.0,0.0,0.0,0.0,0.0,0.0,80000.0,0.0,40000.0,0.0,0.0,0.0,0.0,0.0,0.0,40000.0,0.0,0.0,0.0,0.0,0.0,0.0,40000.0,0.0,40000.0,0.0,0.0,0.0,0.0,0.0,0.0,0.0,0.0,40000.0,0.0,0.0,0.0,0.0,0.0,0.0,0.0,0.0,39680000.0
74,5,0.7,8,random p=0.5,200,0.0,0.0,0.0,0.0,0.0,0.0,0.0,0.0,0.0,40000.0,0.0,0.0,0.0,0.0,0.0,0.0,0.0,0.0,0.0,0.0,0.0,0.0,0.0,0.0,0.0,0.0,0.0,40000.0,0.0,0.0,0.0,0.0,0.0,0.0,0.0,0.0,40000.0,0.0,0.0,0.0,0.0,0.0,0.0,0.0,0.0,160000.0,0.0,0.0,0.0,0.0,0.0,0.0,0.0,0.0,200000.0,0.0,0.0,0.0,0.0,0.0,0.0,0.0,0.0,34480000.0
75,5,0.7,9,random p=0.6000000000000001,200,0.0,0.0,0.0,0.0,0.0,0.0,0.0,0.0,0.0,0.0,0.0,0.0,0.0,0.0,0.0,0.0,0.0,0.0,0.0,0.0,0.0,0.0,0.0,0.0,0.0,0.0,0.0,0.0,0.0,0.0,0.0,0.0,0.0,0.0,0.0,0.0,0.0,0.0,0.0,0.0,0.0,0.0,0.0,0.0,0.0,0.0,0.0,0.0,0.0,0.0,0.0,0.0,0.0,0.0,0.0,0.0,0.0,0.0,0.0,0.0,0.0,0.0,0.0,100000000.0
76,5,0.7,10,random p=0.7000000000000001,200,0.0,0.0,0.0,0.0,0.0,0.0,0.0,0.0,0.0,0.0,0.0,0.0,0.0,0.0,0.0,0.0,0.0,0.0,0.0,0.0,0.0,0.0,0.0,0.0,0.0,0.0,0.0,240000.0,0.0,0.0,40000.0,0.0,0.0,0.0,0.0,0.0,40000.0,0.0,0.0,0.0,0.0,0.0,0.0,0.0,0.0,200000.0,0.0,0.0,0.0,0.0,0.0,40000.0,0.0,0.0,120000.0,0.0,0.0,0.0,0.0,0.0,0.0,0.0,0.0,5800000.0
77,5,0.8,0,horizontal,1000,0.0,0.0,0.0,0.0,0.0,0.0,0.0,0.0,0.0,0.0,0.0,0.0,0.0,0.0,0.0,0.0,0.0,0.0,40000.0,0.0,0.0,0.0,0.0,0.0,0.0,0.0,0.0,1000000.0,0.0,240000.0,0.0,0.0,0.0,0.0,0.0,0.0,0.0,0.0,0.0,0.0,0.0,0.0,0.0,240000.0,0.0,880000.0,0.0,0.0,0.0,0.0,0.0,0.0,0.0,0.0,760000.0,0.0,0.0,0.0,0.0,0.0,0.0,0.0,0.0,26520000.0
78,5,0.8,1,vertical,1000,0.0,0.0,0.0,0.0,0.0,0.0,0.0,0.0,0.0,0.0,0.0,0.0,0.0,0.0,0.0,0.0,0.0,0.0,40000.0,0.0,0.0,0.0,0.0,0.0,0.0,0.0,0.0,1400000.0,0.0,760000.0,0.0,0.0,0.0,0.0,0.0,0.0,0.0,0.0,0.0,0.0,0.0,0.0,0.0,760000.0,0.0,3720000.0,200000.0,0.0,0.0,0.0,0.0,0.0,0.0,200000.0,480000.0,0.0,0.0,0.0,0.0,0.0,0.0,0.0,0.0,288600000.0
79,5,0.8,2,h and v,5000,0.0,0.0,0.0,0.0,0.0,0.0,0.0,0.0,0.0,80000.0,0.0,0.0,0.0,0.0,120000.0,0.0,0.0,0.0,0.0,0.0,0.0,0.0,0.0,0.0,0.0,0.0,0.0,7880000.0,0.0,6920000.0,1040000.0,0.0,0.0,0.0,0.0,0.0,80000.0,0.0,0.0,0.0,0.0,0.0,0.0,6920000.0,0.0,9000000.0,1960000.0,0.0,0.0,120000.0,0.0,1040000.0,0.0,1960000.0,4240000.0,0.0,0.0,0.0,0.0,0.0,0.0,0.0,0.0,315040000.0
80,5,0.8,3,random p=0.0,200,0.0,0.0,0.0,0.0,0.0,0.0,0.0,0.0,0.0,0.0,0.0,0.0,0.0,0.0,0.0,0.0,0.0,0.0,0.0,0.0,0.0,0.0,0.0,0.0,0.0,0.0,0.0,0.0,0.0,0.0,0.0,0.0,0.0,0.0,0.0,0.0,0.0,0.0,0.0,0.0,0.0,0.0,0.0,0.0,0.0,0.0,0.0,0.0,0.0,0.0,0.0,0.0,0.0,0.0,0.0,0.0,0.0,0.0,0.0,0.0,0.0,0.0,0.0,100000000.0
81,5,0.8,4,random p=0.1,200,0.0,0.0,0.0,0.0,0.0,0.0,0.0,0.0,0.0,0.0,0.0,0.0,0.0,0.0,0.0,0.0,0.0,0.0,0.0,0.0,0.0,0.0,0.0,0.0,0.0,0.0,0.0,200000.0,0.0,80000.0,0.0,0.0,0.0,0.0,0.0,0.0,0.0,0.0,0.0,0.0,0.0,0.0,0.0,80000.0,0.0,200000.0,0.0,0.0,0.0,0.0,0.0,0.0,0.0,0.0,80000.0,0.0,0.0,0.0,0.0,0.0,0.0,0.0,0.0,18400000.0
82,5,0.8,5,random p=0.2,200,0.0,0.0,0.0,0.0,0.0,0.0,0.0,0.0,0.0,40000.0,0.0,0.0,0.0,0.0,0.0,0.0,0.0,0.0,40000.0,0.0,0.0,0.0,0.0,0.0,0.0,0.0,0.0,80000.0,0.0,40000.0,0.0,0.0,0.0,0.0,0.0,0.0,0.0,0.0,0.0,0.0,0.0,0.0,0.0,40000.0,0.0,40000.0,0.0,0.0,0.0,0.0,0.0,0.0,0.0,0.0,40000.0,0.0,0.0,0.0,0.0,0.0,0.0,0.0,0.0,27760000.0
83,5,0.8,6,random p=0.30000000000000004,200,0.0,0.0,0.0,0.0,0.0,0.0,0.0,0.0,0.0,0.0,0.0,0.0,0.0,0.0,0.0,0.0,0.0,0.0,0.0,0.0,0.0,0.0,0.0,0.0,0.0,0.0,0.0,160000.0,0.0,40000.0,40000.0,0.0,0.0,0.0,0.0,0.0,0.0,0.0,0.0,0.0,0.0,0.0,0.0,40000.0,0.0,160000.0,0.0,0.0,0.0,0.0,0.0,40000.0,0.0,0.0,160000.0,0.0,0.0,0.0,0.0,0.0,0.0,0.0,0.0,14560000.0
84,5,0.8,7,random p=0.4,200,0.0,0.0,0.0,0.0,0.0,0.0,0.0,0.0,0.0,40000.0,0.0,0.0,0.0,0.0,0.0,0.0,0.0,0.0,40000.0,0.0,0.0,0.0,0.0,0.0,0.0,0.0,0.0,80000.0,0.0,40000.0,0.0,0.0,0.0,0.0,0.0,0.0,0.0,0.0,0.0,0.0,0.0,0.0,0.0,40000.0,0.0,40000.0,0.0,0.0,0.0,0.0,0.0,0.0,0.0,0.0,40000.0,0.0,0.0,0.0,0.0,0.0,0.0,0.0,0.0,19680000.0
85,5,0.8,8,random p=0.5,200,0.0,0.0,0.0,0.0,0.0,0.0,0.0,0.0,0.0,0.0,0.0,0.0,0.0,0.0,0.0,0.0,0.0,0.0,40000.0,0.0,0.0,0.0,0.0,0.0,0.0,0.0,0.0,160000.0,0.0,40000.0,0.0,0.0,0.0,0.0,0.0,0.0,40000.0,0.0,0.0,0.0,0.0,0.0,0.0,40000.0,0.0,120000.0,0.0,0.0,0.0,0.0,0.0,0.0,0.0,0.0,120000.0,0.0,0.0,0.0,0.0,0.0,0.0,0.0,0.0,18000000.0
86,5,0.8,9,random p=0.6000000000000001,200,0.0,0.0,0.0,0.0,0.0,0.0,0.0,0.0,0.0,0.0,0.0,0.0,0.0,0.0,0.0,0.0,0.0,0.0,40000.0,0.0,0.0,0.0,0.0,0.0,0.0,0.0,0.0,80000.0,0.0,0.0,0.0,0.0,0.0,0.0,0.0,0.0,40000.0,0.0,0.0,0.0,0.0,0.0,0.0,0.0,0.0,40000.0,0.0,0.0,0.0,0.0,0.0,0.0,0.0,0.0,40000.0,0.0,0.0,0.0,0.0,0.0,0.0,0.0,0.0,29840000.0
87,5,0.8,10,random p=0.7000000000000001,200,0.0,0.0,0.0,0.0,0.0,0.0,0.0,0.0,0.0,40000.0,0.0,0.0,0.0,0.0,0.0,0.0,0.0,0.0,40000.0,0.0,0.0,0.0,0.0,0.0,0.0,0.0,0.0,80000.0,0.0,0.0,0.0,0.0,0.0,0.0,0.0,0.0,0.0,0.0,0.0,0.0,0.0,0.0,0.0,0.0,0.0,0.0,0.0,0.0,0.0,0.0,0.0,0.0,0.0,0.0,80000.0,0.0,0.0,0.0,0.0,0.0,0.0,0.0,0.0,19200000.0
88,5,0.9,0,horizontal,1000,0.0,0.0,0.0,0.0,0.0,0.0,0.0,0.0,0.0,0.0,0.0,0.0,0.0,0.0,0.0,0.0,0.0,0.0,0.0,0.0,0.0,0.0,0.0,0.0,0.0,0.0,0.0,1120000.0,0.0,80000.0,0.0,0.0,0.0,0.0,0.0,0.0,0.0,0.0,0.0,0.0,0.0,0.0,0.0,80000.0,0.0,1480000.0,40000.0,0.0,0.0,0.0,0.0,0.0,0.0,40000.0,520000.0,0.0,0.0,0.0,0.0,0.0,0.0,0.0,0.0,42560000.0
89,5,0.9,1,vertical,1000,0.0,0.0,0.0,0.0,0.0,0.0,0.0,0.0,0.0,0.0,0.0,0.0,0.0,0.0,0.0,0.0,0.0,0.0,0.0,0.0,0.0,0.0,0.0,0.0,0.0,0.0,0.0,680000.0,0.0,80000.0,0.0,0.0,0.0,0.0,0.0,0.0,0.0,0.0,0.0,0.0,0.0,0.0,0.0,80000.0,0.0,6200000.0,1480000.0,0.0,0.0,0.0,0.0,0.0,0.0,1480000.0,2080000.0,0.0,0.0,0.0,0.0,0.0,0.0,0.0,0.0,308880000.0
90,5,0.9,2,h and v,5000,0.0,0.0,0.0,0.0,0.0,0.0,0.0,0.0,0.0,0.0,0.0,0.0,0.0,0.0,0.0,0.0,0.0,0.0,80000.0,80000.0,0.0,80000.0,80000.0,0.0,0.0,0.0,80000.0,11520000.0,160000.0,10440000.0,2560000.0,0.0,0.0,0.0,0.0,160000.0,40000.0,160000.0,0.0,0.0,0.0,0.0,80000.0,10440000.0,160000.0,16000000.0,5080000.0,0.0,0.0,0.0,80000.0,2560000.0,0.0,5080000.0,6160000.0,0.0,0.0,0.0,0.0,0.0,0.0,0.0,0.0,432920000.0
91,5,0.9,3,random p=0.0,200,0.0,0.0,0.0,0.0,0.0,0.0,0.0,0.0,0.0,0.0,0.0,0.0,0.0,0.0,0.0,0.0,0.0,0.0,0.0,0.0,0.0,0.0,0.0,0.0,0.0,0.0,0.0,0.0,0.0,0.0,0.0,0.0,0.0,0.0,0.0,0.0,0.0,0.0,0.0,0.0,0.0,0.0,0.0,0.0,0.0,0.0,0.0,0.0,0.0,0.0,0.0,0.0,0.0,0.0,0.0,0.0,0.0,0.0,0.0,0.0,0.0,0.0,0.0,100000000.0
92,5,0.9,4,random p=0.1,200,0.0,0.0,0.0,0.0,0.0,0.0,0.0,0.0,0.0,0.0,0.0,0.0,0.0,0.0,0.0,0.0,0.0,0.0,0.0,0.0,0.0,0.0,0.0,0.0,0.0,0.0,0.0,160000.0,0.0,40000.0,40000.0,0.0,0.0,0.0,0.0,0.0,0.0,0.0,0.0,0.0,0.0,0.0,0.0,40000.0,0.0,160000.0,0.0,0.0,0.0,0.0,0.0,40000.0,0.0,0.0,160000.0,0.0,0.0,0.0,0.0,0.0,0.0,0.0,0.0,8400000.0
93,5,0.9,5,random p=0.2,200,0.0,0.0,0.0,0.0,0.0,0.0,0.0,0.0,0.0,40000.0,0.0,0.0,0.0,0.0,0.0,0.0,0.0,0.0,40000.0,0.0,0.0,0.0,0.0,0.0,0.0,0.0,0.0,80000.0,0.0,80000.0,0.0,0.0,0.0,0.0,0.0,0.0,0.0,0.0,0.0,0.0,0.0,0.0,0.0,80000.0,0.0,160000.0,0.0,0.0,0.0,0.0,0.0,0.0,0.0,0.0,80000.0,0.0,0.0,0.0,0.0,0.0,0.0,0.0,0.0,36880000.0
94,5,0.9,6,random p=0.30000000000000004,200,0.0,0.0,0.0,0.0,0.0,0.0,0.0,0.0,0.0,0.0,0.0,0.0,0.0,0.0,0.0,0.0,0.0,0.0,40000.0,0.0,0.0,0.0,0.0,0.0,0.0,0.0,0.0,40000.0,0.0,40000.0,0.0,0.0,0.0,0.0,0.0,0.0,40000.0,0.0,0.0,0.0,0.0,0.0,0.0,40000.0,0.0,160000.0,0.0,0.0,0.0,0.0,0.0,0.0,0.0,0.0,40000.0,0.0,0.0,0.0,0.0,0.0,0.0,0.0,0.0,41920000.0
95,5,0.9,7,random p=0.4,200,0.0,0.0,0.0,0.0,0.0,0.0,0.0,0.0,0.0,40000.0,0.0,0.0,0.0,0.0,0.0,0.0,0.0,0.0,40000.0,0.0,0.0,0.0,0.0,0.0,0.0,0.0,0.0,40000.0,0.0,0.0,0.0,0.0,0.0,0.0,0.0,0.0,0.0,0.0,0.0,0.0,0.0,0.0,0.0,0.0,0.0,0.0,0.0,0.0,0.0,0.0,0.0,0.0,0.0,0.0,200000.0,0.0,0.0,0.0,0.0,0.0,0.0,0.0,0.0,77440000.0
96,5,0.9,8,random p=0.5,200,0.0,0.0,0.0,0.0,0.0,0.0,0.0,0.0,0.0,0.0,0.0,0.0,0.0,0.0,0.0,0.0,0.0,0.0,0.0,0.0,0.0,0.0,0.0,0.0,0.0,0.0,0.0,160000.0,0.0,40000.0,40000.0,0.0,0.0,0.0,0.0,0.0,0.0,0.0,0.0,0.0,0.0,0.0,0.0,40000.0,0.0,120000.0,0.0,0.0,0.0,0.0,0.0,40000.0,0.0,0.0,200000.0,0.0,0.0,0.0,0.0,0.0,0.0,0.0,0.0,21200000.0
97,5,0.9,9,random p=0.6000000000000001,200,0.0,0.0,0.0,0.0,0.0,0.0,0.0,0.0,0.0,40000.0,0.0,0.0,0.0,0.0,0.0,0.0,0.0,0.0,0.0,0.0,0.0,0.0,0.0,0.0,0.0,0.0,0.0,40000.0,0.0,0.0,0.0,0.0,0.0,0.0,0.0,0.0,40000.0,0.0,0.0,0.0,0.0,0.0,0.0,0.0,0.0,80000.0,0.0,0.0,0.0,0.0,0.0,0.0,0.0,0.0,40000.0,0.0,0.0,0.0,0.0,0.0,0.0,0.0,0.0,33360000.0
98,5,0.9,10,random p=0.7000000000000001,200,0.0,0.0,0.0,0.0,0.0,0.0,0.0,0.0,0.0,0.0,0.0,0.0,0.0,0.0,0.0,0.0,0.0,0.0,40000.0,0.0,0.0,0.0,0.0,0.0,0.0,0.0,0.0,120000.0,0.0,0.0,0.0,0.0,0.0,0.0,0.0,0.0,40000.0,0.0,0.0,0.0,0.0,0.0,0.0,0.0,0.0,40000.0,0.0,0.0,0.0,0.0,0.0,0.0,0.0,0.0,80000.0,0.0,0.0,0.0,0.0,0.0,0.0,0.0,0.0,16960000.0
